   0.00    3.5710E-02    0.0000    0.0000   -0.0923    0.0000    0.0000    0.1310    0.0000    0.0000    0.0000   0.00
   5.00    5.1346E-02   -0.0097   -0.0428   -0.0715    0.0051   -0.0153    0.0890    0.0000    0.0000    0.0000   5.00
  10.00    9.4434E-02   -0.0537   -0.0971   -0.0414    0.0068   -0.0126    0.0425    0.0000    0.0000    0.0000  10.00
  15.00    1.6485E-01   -0.0690   -0.0904   -0.0121    0.0012   -0.0070    0.0147    0.0000    0.0000    0.0000  15.00
  20.00    2.6618E-01   -0.0450   -0.0247    0.0136   -0.0066   -0.0034   -0.0024    0.0000    0.0000    0.0000  20.00
  25.00    3.7708E-01   -0.0037    0.0572    0.0333   -0.0135   -0.0019   -0.0134    0.0000    0.0000    0.0000  25.00
  30.00    4.4798E-01    0.0416    0.1361    0.0495   -0.0194   -0.0016   -0.0217    0.0000    0.0000    0.0000  30.00
  35.00    4.4247E-01    0.0911    0.2135    0.0651   -0.0252   -0.0018   -0.0298    0.0000    0.0000    0.0000  35.00
  40.00    3.6993E-01    0.1482    0.2934    0.0814   -0.0310   -0.0023   -0.0387    0.0000    0.0000    0.0000  40.00
  45.00    2.7312E-01    0.2116    0.3699    0.0968   -0.0361   -0.0029   -0.0477    0.0000    0.0000    0.0000  45.00
  50.00    1.9353E-01    0.2616    0.4125    0.1078   -0.0399   -0.0035   -0.0542    0.0000    0.0000    0.0000  50.00
  55.00    1.4944E-01    0.2598    0.3787    0.1174   -0.0446   -0.0037   -0.0562    0.0000    0.0000    0.0000  55.00
  60.00    1.3659E-01    0.2099    0.2968    0.1418   -0.0571   -0.0034   -0.0600    0.0000    0.0000    0.0000  60.00
  65.00    1.4111E-01    0.1737    0.2548    0.1862   -0.0778   -0.0021   -0.0722    0.0000    0.0000    0.0000  65.00
  70.00    1.5061E-01    0.1809    0.2782    0.2336   -0.0983    0.0003   -0.0888    0.0000    0.0000    0.0000  70.00
  75.00    1.5733E-01    0.2180    0.3400    0.2642   -0.1108    0.0038   -0.1015    0.0000    0.0000    0.0000  75.00
  80.00    1.5702E-01    0.2628    0.4088    0.2683   -0.1117    0.0079   -0.1051    0.0000    0.0000    0.0000  80.00
  85.00    1.4825E-01    0.2994    0.4640    0.2469   -0.1018    0.0116   -0.0991    0.0000    0.0000    0.0000  85.00
  90.00    1.3264E-01    0.3178    0.4928    0.2098   -0.0854    0.0141   -0.0868    0.0000    0.0000    0.0000  90.00
  95.00    1.1401E-01    0.3127    0.4880    0.1752   -0.0703    0.0145   -0.0750    0.0000    0.0000    0.0000  95.00
 100.00    9.6776E-02    0.2864    0.4519    0.1672   -0.0667    0.0130   -0.0724    0.0000    0.0000    0.0000 100.00
 105.00    8.4258E-02    0.2540    0.4044    0.2031   -0.0826    0.0108   -0.0843    0.0000    0.0000    0.0000 105.00
 110.00    7.7570E-02    0.2384    0.3787    0.2695   -0.1124    0.0101   -0.1050    0.0000    0.0000    0.0000 110.00
 115.00    7.5528E-02    0.2523    0.3944    0.3244   -0.1382    0.0117   -0.1195    0.0000    0.0000    0.0000 115.00
 120.00    7.5909E-02    0.2878    0.4403    0.3358   -0.1454    0.0143   -0.1181    0.0000    0.0000    0.0000 120.00
 125.00    7.6889E-02    0.3260    0.4887    0.3029   -0.1323    0.0158   -0.1036    0.0000    0.0000    0.0000 125.00
 130.00    7.7440E-02    0.3489    0.5157    0.2466   -0.1073    0.0158   -0.0853    0.0000    0.0000    0.0000 130.00
 135.00    7.7100E-02    0.3463    0.5098    0.1937   -0.0819    0.0149   -0.0727    0.0000    0.0000    0.0000 135.00
 140.00    7.5865E-02    0.3165    0.4718    0.1642   -0.0658    0.0147   -0.0705    0.0000    0.0000    0.0000 140.00
 145.00    7.4036E-02    0.2637    0.4098    0.1632   -0.0629    0.0169   -0.0761    0.0000    0.0000    0.0000 145.00
 150.00    7.1804E-02    0.1973    0.3368    0.1783   -0.0701    0.0221   -0.0798    0.0000    0.0000    0.0000 150.00
 155.00    6.9206E-02    0.1307    0.2668    0.1846   -0.0786    0.0293   -0.0680    0.0000    0.0000    0.0000 155.00
 160.00    6.6487E-02    0.0768    0.2079    0.1570   -0.0780    0.0355   -0.0304    0.0000    0.0000    0.0000 160.00
 165.00    6.4121E-02    0.0409    0.1589    0.0855   -0.0625    0.0373    0.0328    0.0000    0.0000    0.0000 165.00
 170.00    6.2411E-02    0.0201    0.1114   -0.0130   -0.0358    0.0317    0.1066    0.0000    0.0000    0.0000 170.00
 175.00    6.1384E-02    0.0082    0.0585   -0.0993   -0.0104    0.0184    0.1665    0.0000    0.0000    0.0000 175.00
 180.00    6.1035E-02    0.0000    0.0000   -0.1337   -0.0000    0.0000    0.1895    0.0000    0.0000    0.0000 180.00
