1001000030000000    CA40(D,P)CA41  G.S. LZR      WITH PROTON SPIN ORBIT         
+37.    +00.    +05.
+15+01+03+07
+00.10  +12.
+13.70  +02.    +01.    +40.    +20.    +01.40                  +02.
+01.    -97.40  +01.112 +00.875                 +01.562 +00.477     
-02.            +01.112 +00.875         +70.00  +01.562 +00.477     
+06.141 +01.    +01.    +41.    +20.    +01.25                  +01.  
+01.    -49.47  +01.18  +00.70  +24.2           +01.180 +00.700
-02.            +01.18  +00.70          +19.80  +01.252 +00.750
-08.364 +01.    +00.    +40.    +20.    +01.25                  +01.  
-01.    -01.    +01.18  +00.70  +25.
+00.    +03.    +07.    +01.    +58.                                                                   
9                    END OF DATA  DWUCK4 test cases
